2 0.140625 0.25859375 0.1234375 0.1125
2 0.3328125 0.2453125 0.0921875 0.08359375
2 0.49375 0.2421875 0.08203125 0.12890625
2 0.59609375 0.22265625 0.0609375 0.11015625
2 0.75859375 0.30546875 0.07734375 0.07578125
0 0.0515625 0.78046875 0.09609375 0.1390625
0 0.1984375 0.75703125 0.0875 0.15
0 0.40390625 0.74921875 0.12890625 0.1796875
0 0.5125 0.678125 0.0921875 0.15703125
0 0.6109375 0.70546875 0.0765625 0.1203125
0 0.65078125 0.7453125 0.0609375 0.15703125
0 0.79921875 0.84140625 0.0578125 0.1703125