2 0.64765625 0.41875 0.03515625 0.0390625
2 0.53046875 0.378125 0.03515625 0.0140625
2 0.509375 0.315625 0.02578125 0.03125
2 0.68515625 0.346875 0.03046875 0.053125
2 0.7625 0.3453125 0.03984375 0.05625
2 0.828125 0.375 0.04296875 0.04765625
2 0.8078125 0.49296875 0.05703125 0.06484375
2 0.9203125 0.44375 0.03828125 0.05078125
2 0.60234375 0.2796875 0.02734375 0.04765625
2 0.4859375 0.28671875 0.03828125 0.03359375
2 0.38671875 0.28125 0.04296875 0.03359375
2 0.37109375 0.24453125 0.01875 0.0453125
2 0.44609375 0.21640625 0.03203125 0.0453125
2 0.47265625 0.22734375 0.02578125 0.0390625