0 0.32109375 0.21328125 0.0296875 0.0671875
0 0.42578125 0.14609375 0.04921875 0.05859375
0 0.39453125 0.17109375 0.03359375 0.05625
0 0.35390625 0.36171875 0.01796875 0.0703125
1 0.37890625 0.30546875 0.04453125 0.0765625
1 0.509375 0.2515625 0.05 0.05390625
5 0.3625 0.4515625 0.06875 0.15703125
5 0.50234375 0.47734375 0.09765625 0.26015625
4 0.37109375 0.7875 0.03984375 0.04375
4 0.3484375 0.7640625 0.0421875 0.0390625
4 0.49375 0.91484375 0.046875 0.07890625
4 0.56484375 0.8875 0.03984375 0.0859375