1 0.321875 0.43671875 0.03046875 0.06875
1 0.446875 0.38203125 0.03671875 0.07890625
1 0.5296875 0.04296875 0.06640625 0.078125
1 0.7359375 0.0796875 0.0578125 0.06796875
1 0.29375 0.5109375 0.06328125 0.11875
1 0.48125 0.46875 0.07421875 0.1453125
1 0.55078125 0.24765625 0.12578125 0.271875
1 0.778125 0.20078125 0.16875 0.19296875
0 0.2578125 0.57890625 0.021875 0.05
4 0.29453125 0.7203125 0.040625 0.0546875
4 0.453125 0.56875 0.03515625 0.04375
4 0.6015625 0.68515625 0.046875 0.08125
4 0.6234375 0.61640625 0.05703125 0.0546875
0 0.64765625 0.18671875 0.0421875 0.0546875
4 0.78515625 0.49375 0.0609375 0.14375
4 0.76171875 0.58203125 0.0578125 0.0859375