1 0.3421875 0.440625 0.03828125 0.07265625
5 0.30078125 0.52421875 0.06640625 0.13046875
4 0.32578125 0.7078125 0.03359375 0.0375
5 0.528125 0.35234375 0.1546875 0.31875
0 0.54921875 0.3625 0.0390625 0.06171875
0 0.6734375 0.303125 0.03671875 0.05
1 0.50078125 0.10078125 0.08671875 0.09375
4 0.590625 0.87578125 0.05234375 0.09765625
4 0.61484375 0.76328125 0.04375 0.0703125
1 0.8265625 0.12734375 0.06015625 0.10234375
0 0.76015625 0.234375 0.03671875 0.0640625
5 0.86328125 0.31484375 0.11484375 0.28203125
4 0.7859375 0.52578125 0.04140625 0.08203125