2 0.0671875 0.190625 0.0390625 0.0359375
2 0.1 0.184375 0.025 0.0234375
2 0.1484375 0.17890625 0.0421875 0.0421875
2 0.22578125 0.1828125 0.0453125 0.0453125
2 0.3046875 0.1734375 0.05703125 0.05859375
2 0.40546875 0.1328125 0.0453125 0.0421875
2 0.51953125 0.2078125 0.0625 0.0625
2 0.6359375 0.2109375 0.04765625 0.07734375
2 0.7171875 0.17109375 0.05234375 0.0546875
2 0.85703125 0.18203125 0.0734375 0.1015625
0 0.86328125 0.61875 0.07890625 0.1171875
0 0.784375 0.5703125 0.05234375 0.1140625
0 0.65546875 0.5734375 0.06484375 0.1
0 0.57265625 0.54296875 0.04453125 0.09140625
0 0.54140625 0.48984375 0.075 0.0921875
0 0.45390625 0.4703125 0.07890625 0.08984375
0 0.37109375 0.4140625 0.06328125 0.07734375
0 0.2703125 0.43046875 0.0703125 0.07109375
0 0.1921875 0.38515625 0.0328125 0.1171875
0 0.1328125 0.39765625 0.0359375 0.0546875