2 0.23828125 0.25546875 0.0515625 0.07421875
2 0.3046875 0.32265625 0.0390625 0.06875
2 0.3765625 0.36875 0.034375 0.0546875
2 0.4203125 0.40859375 0.0203125 0.040625
2 0.48203125 0.4125 0.02265625 0.0328125
2 0.528125 0.53828125 0.03984375 0.0390625
2 0.5359375 0.4203125 0.028125 0.03671875
2 0.5859375 0.4203125 0.02578125 0.03671875
2 0.615625 0.4171875 0.02109375 0.03671875
2 0.65859375 0.38046875 0.03203125 0.05703125
2 0.721875 0.2703125 0.0390625 0.06796875
2 0.77109375 0.17265625 0.05234375 0.09921875
0 0.51796875 0.621875 0.028125 0.0671875
0 0.54140625 0.72578125 0.02265625 0.053125
0 0.94375 0.67421875 0.08125 0.196875
0 0.7015625 0.421875 0.03828125 0.1140625
0 0.45625 0.47890625 0.04765625 0.0765625
0 0.31015625 0.47578125 0.0375 0.1046875
0 0.12265625 0.7234375 0.075 0.10859375
0 0.3078125 0.475 0.0296875 0.1046875
0 0.3375 0.46171875 0.0390625 0.096875
0 0.390625 0.496875 0.0265625 0.071875
0 0.45 0.4984375 0.03828125 0.05234375
0 0.46796875 0.46953125 0.02265625 0.06328125
0 0.584375 0.50234375 0.0265625 0.07421875
0 0.61640625 0.5171875 0.01953125 0.06875
0 0.55546875 0.46640625 0.015625 0.02890625
0 0.52109375 0.46484375 0.02578125 0.04453125