0 0.56640625 0.78046875 0.0578125 0.1109375
0 0.2484375 0.546875 0.0828125 0.153125
0 0.3828125 0.3703125 0.04375 0.09296875
0 0.5828125 0.23203125 0.04375 0.08671875
0 0.5453125 0.26796875 0.0234375 0.075
0 0.4453125 0.23046875 0.03359375 0.06640625
0 0.4734375 0.2828125 0.02890625 0.03359375
2 0.44609375 0.67734375 0.06484375 0.08203125
2 0.13046875 0.10859375 0.08359375 0.12421875
2 0.30078125 0.1671875 0.0609375 0.08203125
2 0.46796875 0.14609375 0.0359375 0.0484375
2 0.571875 0.1171875 0.0390625 0.0578125
2 0.4359375 0.4109375 0.0375 0.06875