1 0.340625 0.46328125 0.0375 0.05625
1 0.465625 0.3703125 0.0375 0.05859375
5 0.3015625 0.528125 0.07109375 0.1296875
0 0.30703125 0.63046875 0.021875 0.02734375
4 0.4578125 0.5625 0.02734375 0.0390625
4 0.32578125 0.709375 0.03359375 0.05078125
4 0.3046875 0.7203125 0.0234375 0.03984375
4 0.6109375 0.78125 0.046875 0.08671875
5 0.59375 0.27265625 0.15859375 0.29609375
0 0.5734375 0.18046875 0.04453125 0.059375
1 0.55390625 0.03203125 0.078125 0.06328125
0 0.68359375 0.08671875 0.02421875 0.05
1 0.8375 0.14609375 0.053125 0.1046875
5 0.88515625 0.340625 0.128125 0.30234375
0 0.7796875 0.2265625 0.034375 0.0640625
4 0.69609375 0.63828125 0.046875 0.05703125
4 0.75859375 0.58671875 0.046875 0.078125