1 0.84296875 0.4640625 0.07265625 0.071875
1 0.02734375 0.35703125 0.0546875 0.1078125
1 0.31484375 0.38125 0.0515625 0.05859375
3 0.490625 0.6203125 0.1578125 0.4875
5 0.4984375 0.5375 0.12109375 0.1359375
3 0.3078125 0.65546875 0.0953125 0.58671875
3 0.10703125 0.6625 0.1015625 0.675
3 0.03203125 0.64140625 0.0640625 0.6703125
1 0.1359375 0.3640625 0.078125 0.08828125
1 0.19921875 0.4328125 0.07109375 0.0734375
1 0.46953125 0.4 0.0453125 0.053125
1 0.525 0.409375 0.0359375 0.0453125
1 0.6671875 0.39765625 0.04375 0.0484375
1 0.71171875 0.43125 0.0515625 0.06640625
3 0.8515625 0.7140625 0.1 0.571875